10 0.00010090000000007038 1800 
30 6.6400000000022e-05 16200 
50 8.330000000000837e-05 45000 
80 0.0004842000000000457 115200 
100 0.0003222000000000502 180000 
200 0.001585900000000029 720000 
350 0.0038546999999999887 2205000 
500 0.010639999999999983 4500000 
1000 0.0508885 18000000 
1500 0.1342215 40500000 
2000 0.2864053 72000000 
2500 0.5253213000000001 112500000 
3000 0.8748889999999996 162000000 
4500 2.7370827 364500000 
5500 5.054794899999999 544500000 
6500 8.235405500000002 760500000 
