10 8.90999999999531e-05 1800 
30 4.7699999999983866e-05 16200 
50 7.469999999998311e-05 45000 
80 0.00043349999999997557 115200 
100 0.0002809999999999757 180000 
200 0.00217260000000008 720000 
350 0.005031899999999978 2205000 
500 0.008754700000000004 4500000 
1000 0.05563640000000003 18000000 
1500 0.12665300000000002 40500000 
2000 0.3164121 72000000 
2500 0.5736246 112500000 
3000 1.2349880999999998 162000000 
4500 3.2329282000000004 364500000 
5500 5.4114203 544500000 
6500 9.082565899999999 760500000 
