10 7.849999999998136e-05 1800 
30 3.4599999999995745e-05 16200 
50 4.0599999999946235e-05 45000 
80 0.00024380000000001623 115200 
100 0.0002486999999999906 180000 
200 0.0010244000000000364 720000 
350 0.004802499999999932 2205000 
500 0.01185449999999999 4500000 
1000 0.05175249999999998 18000000 
1500 0.13649620000000007 40500000 
2000 0.3428221 72000000 
2500 0.5369918 112500000 
3000 0.9407752 162000000 
4500 3.0432419000000004 364500000 
5500 5.5879958 544500000 
6500 9.0577713 760500000 
