10 9.780000000003675e-05 1800 
30 4.6600000000007746e-05 16200 
50 8.180000000002075e-05 45000 
80 0.00032450000000006085 115200 
100 0.00022480000000002498 180000 
200 0.0010735000000000605 720000 
350 0.0037015999999999716 2205000 
500 0.012261100000000025 4500000 
1000 0.050818200000000036 18000000 
1500 0.1269093 40500000 
2000 0.3091204999999999 72000000 
2500 0.5823084000000001 112500000 
3000 1.0431659999999998 162000000 
4500 4.0992466 364500000 
5500 6.4155517 544500000 
6500 9.211703900000002 760500000 
