10 0.00010969999999999036 1800 
30 4.490000000001437e-05 16200 
50 6.94999999999446e-05 45000 
80 0.0002946999999999811 115200 
100 0.00019650000000004386 180000 
200 0.0009791000000000105 720000 
350 0.004404199999999969 2205000 
500 0.010729199999999994 4500000 
1000 0.04082580000000002 18000000 
1500 0.1416076999999999 40500000 
2000 0.2927482000000001 72000000 
2500 0.5289341999999999 112500000 
3000 0.9312093999999997 162000000 
4500 2.7971673 364500000 
5500 5.0128529 544500000 
6500 8.5354667 760500000 
