10 9.439999999993898e-05 1800 
30 3.8900000000063883e-05 16200 
50 5.810000000006088e-05 45000 
80 0.000271200000000027 115200 
100 0.0001670999999999756 180000 
200 0.0006987999999999994 720000 
350 0.004127300000000056 2205000 
500 0.006537100000000073 4500000 
1000 0.04398309999999994 18000000 
1500 0.1296887 40500000 
2000 0.3530331 72000000 
2500 0.5781352000000002 112500000 
3000 1.0573242 162000000 
4500 2.9593340999999995 364500000 
5500 5.175087399999999 544500000 
6500 9.3955617 760500000 
