10 6.189999999994811e-05 1800 
30 2.4000000000024002e-05 16200 
50 4.2399999999997995e-05 45000 
80 0.00023049999999991133 115200 
100 0.0004222999999999866 180000 
200 0.0010076999999999448 720000 
350 0.0032920000000000726 2205000 
500 0.009158300000000064 4500000 
1000 0.045270299999999986 18000000 
1500 0.1271718999999999 40500000 
2000 0.3268381 72000000 
2500 0.5653708000000002 112500000 
3000 0.8959315999999999 162000000 
4500 2.8578355 364500000 
5500 5.7429613999999995 544500000 
6500 8.427939099999998 760500000 
