10 0.00015919999999991497 1800 
30 5.889999999997286e-05 16200 
50 9.199999999998099e-05 45000 
80 0.0002612000000000725 115200 
100 0.00016660000000001673 180000 
200 0.0010729999999999906 720000 
350 0.0037339000000000677 2205000 
500 0.009143200000000018 4500000 
1000 0.04258879999999998 18000000 
1500 0.12867589999999995 40500000 
2000 0.28878500000000007 72000000 
2500 0.5349935000000001 112500000 
3000 0.9094778999999997 162000000 
4500 2.8313519000000005 364500000 
5500 5.0236429000000005 544500000 
6500 8.5462295 760500000 
