10 8.989999999997611e-05 1800 
30 6.0199999999954734e-05 16200 
50 7.860000000003975e-05 45000 
80 0.00040919999999999845 115200 
100 0.00024030000000008211 180000 
200 0.002933399999999975 720000 
350 0.004655800000000099 2205000 
500 0.013162399999999908 4500000 
1000 0.06725130000000001 18000000 
1500 0.15125830000000007 40500000 
2000 0.3000549000000001 72000000 
2500 0.5630247999999998 112500000 
3000 0.8879065000000002 162000000 
4500 2.8582540999999995 364500000 
5500 4.952478199999999 544500000 
6500 8.487373400000001 760500000 
