10 7.010000000007288e-05 1800 
30 3.690000000000637e-05 16200 
50 4.990000000004713e-05 45000 
80 0.00028799999999995496 115200 
100 0.00017919999999993497 180000 
200 0.001093900000000092 720000 
350 0.0026218000000000075 2205000 
500 0.006808299999999989 4500000 
1000 0.042848499999999956 18000000 
1500 0.12596180000000012 40500000 
2000 0.30198409999999987 72000000 
2500 0.7354217000000001 112500000 
3000 1.1882381000000004 162000000 
4500 2.9792536999999997 364500000 
5500 5.1178788 544500000 
6500 8.4819849 760500000 
