2 0.045211300000005394 0.044910199999947054 
3 0.00040480000001252847 0.0010546999999974105 
6 0.00021099999997886698 0.0015132999999991625 
10 0.00022069999999985157 0.0021583999999847947 
20 0.00022960000001148728 0.004892100000006394 
50 0.0005492999999887616 0.011848500000041895 
80 0.0002877000000012231 0.014034099999946648 
140 0.0005366999999978361 0.027800700000000234 
280 0.004347400000028756 0.06775729999998248 
350 0.003599600000029568 0.0839958999999908 
550 0.007969399999979032 0.1219864000000257 
780 0.016739499999971486 0.26258590000003323 
1000 0.03930740000004107 0.2889372999999864 
1300 0.045820499999990716 0.5257029999999645 
1800 0.09988219999996772 0.7496022000000266 
2500 0.23844639999998662 1.4941008000000124 
3000 0.2566649000000325 1.7390175999999542 
5000 0.9715335000000209 5.062764800000025 
7000 2.006695499999978 12.892053799999985 
2 0.00858189999996739 0.09099700000001576 
3 0.00041079999999737993 0.0020235000000070613 
6 0.0004754999999931897 0.001847700000041641 
10 0.0006209000000012566 0.0032727999999906388 
20 0.001328800000010233 0.0050269999999841275 
50 0.0004943999999795778 0.01085950000003777 
80 0.000701100000014776 0.01797559999999976 
140 0.0006164999999782594 0.02544199999999819 
280 0.0018270000000484288 0.08544839999996157 
350 0.0036010999999689375 0.09751800000003641 
550 0.007674699999995482 0.1356309999999894 
780 0.014810600000032537 0.23101909999996906 
1000 0.029095299999994495 0.27432509999999866 
1300 0.05082329999999047 0.3817088000000126 
1800 0.08164829999998346 0.7112734000000387 
2500 0.2955921999999873 1.366658799999982 
3000 0.2614845999999602 1.9053780000000415 
5000 0.777474600000005 4.114024699999959 
7000 2.2586883999999827 14.843831099999989 
2 0.007325299999990875 0.07649870000000192 
3 0.0004581999999686559 0.002099300000054427 
6 0.0005423999999720763 0.0017212999999856038 
10 0.0005213999999682528 0.002302900000017871 
20 0.00036840000001348017 0.0038562999999953718 
50 0.00032229999999344727 0.00954890000002706 
80 0.0004256999999938671 0.016851200000019162 
140 0.0005874000000289925 0.026246000000014647 
280 0.002237700000023324 0.05697220000001835 
350 0.00294339999999238 0.07861969999999019 
550 0.009174999999970623 0.1659394000000134 
780 0.01748779999996941 0.19145020000001978 
1000 0.027295299999991585 0.2735681999999997 
1300 0.049727800000027855 0.41816330000000335 
1800 0.09932479999997668 0.606810199999984 
2500 0.17560100000002876 1.1597704999999792 
3000 0.2923154000000068 1.9599067999999988 
5000 0.9404859000000556 4.14884509999996 
7000 1.8698903999999743 8.559407000000022 
2 0.007742299999961233 0.12173960000001216 
3 0.0007049999999821921 0.0029901000000336353 
6 0.0004096000000117783 0.0025985999999988962 
10 0.0003906000000029053 0.0048725999999987835 
20 0.0005810999999766864 0.006031899999982215 
50 0.0003446000000053573 0.010933600000043953 
80 0.0003681999999685104 0.015190899999993235 
140 0.001389800000026753 0.04120999999997821 
280 0.0019222999999897183 0.0556007000000136 
350 0.0029782999999952153 0.06968970000002628 
550 0.008606299999996736 0.14580179999995835 
780 0.01649770000000217 0.18853450000000294 
1000 0.032885700000008455 0.24821439999999484 
1300 0.04494959999999537 0.3814803000000211 
1800 0.1021771000000058 0.5939237999999705 
2500 0.18228990000000067 1.0200370999999677 
3000 0.2864076000000182 1.5958577999999761 
5000 0.8165155000000368 4.152954399999999 
7000 1.5448810999999978 8.076046899999994 
2 0.0007400999999731539 0.06836140000001478 
3 0.000654400000030364 0.0014064999999732208 
6 0.0002827000000138469 0.0014859999999998763 
10 0.00028670000000374785 0.002972899999974743 
20 0.00037029999998594576 0.004724899999985155 
50 0.0004763000000025386 0.01426889999999048 
80 0.01113789999999426 0.02064189999998689 
140 0.0010230000000319706 0.026236100000005536 
280 0.0018802000000164298 0.0630645999999615 
350 0.003263099999969654 0.07833099999999149 
550 0.007363399999974263 0.1106612000000382 
780 0.0267329999999788 0.20671179999999367 
1000 0.02960450000000492 0.2917673000000036 
1300 0.041500600000006216 0.38726259999998547 
1800 0.08083799999997154 0.6172088000000144 
2500 0.17455669999998236 1.067726300000004 
3000 0.28324610000004213 1.5070548999999573 
5000 0.7417254000000071 4.083217199999979 
7000 1.8362764999999968 7.666111899999976 
2 0.001594199999999546 0.0995565000000056 
3 0.0011683000000175525 0.001723099999992428 
6 0.0006130000000439395 0.0037120999999729065 
10 0.00046240000000352666 0.004860899999982848 
20 0.0004589999999780048 0.006903300000033141 
50 0.0004204999999615211 0.012566900000024361 
80 0.0004807999999911772 0.020004599999992934 
140 0.0006458000000293396 0.03506920000000946 
280 0.002195599999993192 0.051643900000044596 
350 0.002809800000022733 0.06556740000002037 
550 0.008044799999993302 0.10899360000001934 
780 0.016611100000034185 0.1954552999999919 
1000 0.03267940000000635 0.2642457999999692 
1300 0.04351180000003296 0.3664560999999935 
1800 0.09309910000001764 0.6740963999999963 
2500 0.18253339999995433 1.2729644000000349 
3000 0.4078819000000067 1.7129659999999944 
5000 0.8611249999999586 3.7163197000000423 
7000 1.749960499999986 6.874367199999995 
2 0.00048469999995859325 0.06801699999999755 
3 0.0004381000000535096 0.0011075999999548003 
6 0.00021770000000742584 0.0016623000000208776 
10 0.00028019999996331535 0.0019144000000324013 
20 0.00018579999999701613 0.003326399999991736 
50 0.00023809999999002684 0.008355099999960203 
80 0.0002866999999469044 0.01297000000005255 
140 0.0005818000000203938 0.03371649999996862 
280 0.0034445000000005166 0.054504899999983536 
350 0.006169400000032965 0.09417909999996255 
550 0.008394399999986035 0.14419199999997545 
780 0.01694660000003978 0.1837158999999815 
1000 0.026763699999946766 0.24552480000005517 
1300 0.04355610000004617 0.3592785999999819 
1800 0.10937720000003992 0.5518144999999777 
2500 0.18986119999999573 0.9479072999999971 
3000 0.2546138999999812 1.5278268999999796 
5000 0.7563329999999837 3.505162499999983 
7000 1.6160978000000341 7.209138100000018 
2 0.0006812000000309126 0.07334459999998444 
3 0.0004359999999792308 0.0012082999999734056 
6 0.00022460000002411107 0.0015294999999468928 
10 0.000277399999959016 0.002131800000029216 
20 0.0002645999999799642 0.006327100000021346 
50 0.0004305999999587584 0.013841800000022886 
80 0.0005413000000089596 0.015235700000005181 
140 0.0006682999999725325 0.023219799999992574 
280 0.0017966999999998734 0.05910629999999628 
350 0.002876200000002882 0.0673345000000154 
550 0.009386699999993198 0.1094122000000084 
780 0.015082000000006701 0.21848060000002079 
1000 0.029108500000006643 0.2349868000000015 
1300 0.03972879999997758 0.39443430000000035 
1800 0.10617000000002008 0.7054843999999889 
2500 0.16131569999998874 0.9567481000000271 
3000 0.33040660000000344 1.3352661000000126 
5000 0.7685606000000007 3.5258503999999675 
7000 1.5639338000000294 6.782950200000016 
2 0.00046429999997599225 0.06990330000002132 
3 0.0004774000000224987 0.000939099999982318 
6 0.00026890000003731984 0.0012926999999649524 
10 0.0003409000000260676 0.003061699999989287 
20 0.0003439999999841348 0.0033854000000133055 
50 0.00034419999997226114 0.009528800000055071 
80 0.00034279999999853317 0.01510289999998804 
140 0.0005863999999746738 0.022540900000024067 
280 0.0018711000000166678 0.049696799999992436 
350 0.0033995999999660853 0.06099050000000261 
550 0.007610900000031506 0.10390789999996741 
780 0.014748399999973572 0.1635714999999891 
1000 0.03000480000002881 0.23637299999995776 
1300 0.04243869999999106 0.3614607999999748 
1800 0.09101730000003272 0.621477499999969 
2500 0.24071739999999409 0.9670174999999972 
3000 0.2503695999999991 1.4588774000000058 
5000 0.7615693999999849 3.5326123000000393 
7000 1.5241225999999983 6.912592500000017 
2 0.0006128999999646112 0.07587230000001455 
3 0.000501400000018748 0.0011037999999530257 
6 0.00021579999997811683 0.0014722000000233493 
10 0.0002084000000195374 0.002184199999987868 
20 0.00025470000002769666 0.004061200000023746 
50 0.0005160999999702653 0.010242500000003929 
80 0.00044650000000956425 0.01448270000003049 
140 0.0005942999999888343 0.022867800000028637 
280 0.0018107999999870117 0.056020999999987 
350 0.002717100000040773 0.06282729999998082 
550 0.009194799999988845 0.12585849999999255 
780 0.01796150000001262 0.24542709999997214 
1000 0.02765980000003765 0.2550977999999873 
1300 0.041067400000031284 0.35905199999996285 
1800 0.11816060000001016 0.6916458000000034 
2500 0.1860362000000464 1.1218515999999568 
3000 0.27355360000001383 1.6048898999999892 
5000 0.8906475 3.891057999999987 
7000 1.6063816999999858 7.149487000000022 
