2 0.0005656999999998913 0.00029930000000000234 
3 0.0004140999999999728 0.000126400000000082 
6 0.00033669999999985656 0.000128000000000128 
10 0.0003500999999999088 0.00014819999999993172 
20 0.0003588000000001035 0.00015809999999993885 
50 0.0003823000000000576 0.00019320000000000448 
80 0.00046999999999997044 0.0002177999999999347 
140 0.0008375999999998829 0.0002334999999999976 
280 0.0028783000000001113 0.0003720999999998753 
350 0.004086000000000034 0.0003280999999999423 
550 0.008128800000000158 0.0006075999999999304 
780 0.01456959999999996 0.0005976999999999233 
1000 0.02912300000000001 0.0010529999999999706 
1300 0.055373899999999976 0.0011304000000000869 
1800 0.12102369999999985 0.0022714000000001455 
2500 0.17375359999999995 0.0025853000000000126 
3000 0.25587079999999984 0.0024420000000000552 
5000 0.7583624999999998 0.003391800000000167 
7000 1.6771726 0.00957320000000017 
2 0.0008715999999999724 0.00038269999999940296 
3 0.001706999999999681 0.00016740000000048383 
6 0.0015555999999996573 0.0006662000000003943 
10 0.0009977000000001013 0.0002873999999994936 
20 0.0006721999999994566 0.00017129999999987433 
50 0.0005278999999998035 0.00019180000000051933 
80 0.000490400000000335 0.0002271000000000356 
140 0.0009505000000000763 0.0002661000000001579 
280 0.0033878999999998882 0.0008327000000001306 
350 0.0072480999999999796 0.0008543000000003076 
550 0.008330800000000416 0.0005253999999998982 
780 0.026334099999999694 0.0011511000000004046 
1000 0.030528299999999398 0.002250700000000272 
1300 0.05197730000000078 0.0019419999999996662 
1800 0.08941089999999985 0.0012121000000000492 
2500 0.17484589999999933 0.002309100000000619 
3000 0.26531329999999986 0.002384099999999556 
5000 0.8479853999999998 0.0038415999999994455 
7000 1.7848390000000007 0.007498699999999303 
2 0.0006083999999999534 0.0001581000000001609 
3 0.0004917999999998202 0.00019619999999953563 
6 0.0003508999999999318 9.679999999967492e-05 
10 0.0002554000000003498 0.00010449999999995185 
20 0.0002667000000000641 0.00010699999999985721 
50 0.0002594000000000207 0.00010479999999990497 
80 0.0002988999999997688 0.0002634999999999721 
140 0.0009869000000000128 0.0003144000000006031 
280 0.0034416000000003777 0.0008388999999997537 
350 0.00456439999999958 0.0003697000000002504 
550 0.01073859999999982 0.0007722000000001117 
780 0.016770000000000174 0.0006504999999998873 
1000 0.02512170000000058 0.000713900000000045 
1300 0.05069899999999983 0.0009306999999996179 
1800 0.09030709999999953 0.0018266000000002336 
2500 0.17562220000000028 0.003485200000000077 
3000 0.26843080000000086 0.002008299999999963 
5000 0.8223178000000004 0.005116600000000915 
7000 1.6892198 0.004766300000000001 
2 0.0004486999999997465 0.00014179999999974768 
3 0.0002345000000012476 8.09999999997757e-05 
6 0.00022630000000134487 8.289999999888664e-05 
10 0.000234400000000079 0.00010359999999920433 
20 0.00024009999999918819 0.00011130000000036944 
50 0.0003664000000007661 0.00013129999999961228 
80 0.00036330000000006635 0.00015190000000053772 
140 0.0007772999999993147 0.00018110000000071125 
280 0.0033618000000004145 0.0008774000000002502 
350 0.006578599999999213 0.0006567000000003986 
550 0.013489500000000376 0.0009028999999998177 
780 0.022014899999998505 0.0008547000000014293 
1000 0.02863220000000055 0.000760299999999603 
1300 0.044845699999999766 0.0019755999999997442 
1800 0.12905100000000047 0.001651799999999426 
2500 0.1782622000000007 0.00387689999999985 
3000 0.40722640000000077 0.004497399999999985 
5000 0.7610214000000006 0.010461100000000556 
7000 1.5872717000000005 0.005858599999999825 
2 0.0004367999999992378 0.00014930000000035193 
3 0.00028909999999982006 0.00015780000000020777 
6 0.0007266000000001327 0.0004957000000000988 
10 0.0015319999999992007 0.00034270000000091727 
20 0.0007457999999989084 0.00016410000000099956 
50 0.0006133000000012601 0.0001441999999993726 
80 0.0006978000000010809 0.0006427000000002181 
140 0.0011711999999999279 0.00024400000000035504 
280 0.003276899999999472 0.0004553999999998837 
350 0.005568700000001314 0.0009474999999987688 
550 0.012797100000000228 0.0010452000000000794 
780 0.020431499999999048 0.001071200000000161 
1000 0.031831800000000854 0.002129899999999907 
1300 0.049181499999999545 0.0015638000000013363 
1800 0.09619190000000089 0.0017563999999996582 
2500 0.19366270000000085 0.00265979999999999 
3000 0.2964322999999993 0.0026609999999998024 
5000 0.8097478999999996 0.004623199999999272 
7000 1.5934960999999994 0.0043976999999983946 
2 0.0004251999999986822 0.00011389999999877887 
3 0.000211400000001305 7.43000000014149e-05 
6 0.00021660000000167656 7.599999999996498e-05 
10 0.00021039999999672432 9.760000000014202e-05 
20 0.0002769999999969741 0.0001257000000016717 
50 0.0002630999999979622 0.00011119999999920083 
80 0.00038210000000304944 0.0001833999999973912 
140 0.0005715999999971189 0.00015480000000067662 
280 0.002188999999997776 0.0003358000000019956 
350 0.007061100000001375 0.0006750999999987073 
550 0.014490800000000803 0.001064299999999463 
780 0.017510399999999038 0.0005921000000022048 
1000 0.024059999999998638 0.0006896000000011782 
1300 0.04354229999999859 0.0010113999999994405 
1800 0.07777710000000226 0.0012097000000004243 
2500 0.18703989999999848 0.001648899999999287 
3000 0.2996122000000021 0.001984900000000067 
5000 0.7620901999999994 0.004114799999999974 
7000 1.5836043999999987 0.007457899999998574 
2 0.00040350000000088926 0.00014339999999890551 
3 0.00027180000000015525 0.000128000000000128 
6 0.000766699999999787 0.00010759999999976344 
10 0.0007231999999994798 0.00012719999999788456 
20 0.0015382999999999925 0.0003717999999999222 
50 0.0009295999999991977 0.00017220000000151003 
80 0.0008556000000012887 0.0005600999999977319 
140 0.0014843999999989421 0.0002440999999997473 
280 0.003061300000002376 0.0004156999999977984 
350 0.007664599999998245 0.0007555000000003531 
550 0.012847699999998241 0.0007853000000004329 
780 0.01869609999999966 0.0006793999999992195 
1000 0.04099860000000177 0.0010437000000003138 
1300 0.05372380000000021 0.0014792999999997392 
1800 0.09091000000000093 0.002053899999999942 
2500 0.17803720000000212 0.00312759999999912 
3000 0.27765480000000053 0.0019945999999997355 
5000 0.778141699999999 0.0035311000000000092 
7000 1.4824941000000003 0.008564299999999747 
2 0.0007246999999992454 0.002069399999999888 
3 0.0005819000000002461 0.0002272999999988201 
6 0.0007827999999996393 0.00017000000000066962 
10 0.0018390000000003681 0.00021289999999751785 
20 0.0009754999999991298 0.00020490000000350506 
50 0.001976100000000258 0.0002653999999999712 
80 0.0014757999999979177 0.0007062000000033208 
140 0.0012959999999999638 0.00023759999999839465 
280 0.0034106999999998777 0.00045689999999964925 
350 0.008989699999997214 0.0007441000000021347 
550 0.009541099999999858 0.0008602999999993699 
780 0.018605700000001946 0.0007878999999988423 
1000 0.02573950000000025 0.0006993000000008465 
1300 0.04168619999999734 0.0009483000000010122 
1800 0.08107430000000093 0.002938400000001451 
2500 0.27238450000000114 0.0021623999999995647 
3000 0.29940069999999963 0.0027290999999998178 
5000 0.7553675999999996 0.003289999999999793 
7000 1.5848769999999988 0.004196500000002601 
2 0.00043799999999905026 0.00012080000000125324 
3 0.0004438000000028808 0.00017729999999716028 
6 0.00048019999999837637 0.00031750000000130285 
10 0.0008677999999981978 0.00033280000000246446 
20 0.0008800999999998282 0.00026199999999931833 
50 0.0005680000000012342 0.00023529999999993834 
80 0.0006434000000012929 0.00029829999999719803 
140 0.0009873999999996386 0.0002594000000009089 
280 0.0046280000000002985 0.0010002999999976225 
350 0.007938400000000456 0.0005972000000014077 
550 0.014615899999999016 0.0009607999999978745 
780 0.02467550000000074 0.0011170000000007008 
1000 0.040242900000002635 0.0013323999999990122 
1300 0.05319120000000055 0.0011045000000002858 
1800 0.09847549999999927 0.0025545999999998514 
2500 0.20381400000000127 0.002933799999997433 
3000 0.26096149999999696 0.0019417000000032658 
5000 0.7887126999999978 0.003800099999999418 
7000 1.6315612000000002 0.006001599999997609 
2 0.0004233000000013476 0.00015480000000067662 
3 0.0003737000000008095 0.00014370000000241134 
6 0.0006656000000013762 0.00020199999999803708 
10 0.00035980000000179757 0.00014039999999937436 
20 0.00037120000000001596 0.0002117000000012581 
50 0.0005464000000010572 0.00019860000000093692 
80 0.0004962999999982287 0.00025690000000011537 
140 0.001485100000000017 0.00033610000000194873 
280 0.0032341000000002396 0.0005428999999992357 
350 0.0047941999999991936 0.0004781000000022573 
550 0.011379900000001442 0.0004969999999993036 
780 0.01597900000000152 0.0007860999999991236 
1000 0.035117299999999574 0.001497600000000432 
1300 0.04737720000000323 0.0009382000000002222 
1800 0.08405069999999881 0.0013922999999991248 
2500 0.20506960000000163 0.0024654999999995653 
3000 0.25313560000000024 0.0034850999999989085 
5000 0.7359076999999985 0.006080600000000658 
7000 1.6136486000000012 0.012062499999998977 
