2 0.00010310000000002262 0.0045231999999999495 
3 7.060000000014277e-05 0.00011539999999987671 
6 2.089999999999037e-05 3.419999999998424e-05 
10 2.6599999999987745e-05 3.609999999998337e-05 
20 2.059999999981521e-05 0.0005369000000001733 
50 4.630000000016565e-05 0.0007574999999999665 
80 0.00010360000000009251 0.002520599999999984 
140 0.000247200000000003 0.007324799999999909 
280 0.0012852999999999337 0.010926900000000073 
350 0.003182800000000041 0.014205500000000093 
550 0.004471400000000125 0.023728699999999936 
780 0.009346999999999994 0.043989600000000184 
1000 0.016491299999999987 0.1048985 
1300 0.038026799999999916 0.22398470000000015 
1800 0.05185400000000007 0.3638858999999999 
2500 0.11059639999999993 1.02963 
3000 0.18463629999999975 1.5967686000000003 
5000 0.5661737000000002 5.358414600000001 
7000 1.1806725999999994 15.6693592 
2 0.03912640000000067 0.037403900000001045 
3 0.00010289999999812949 0.00014170000000035543 
6 2.200000000129876e-05 3.6999999998954536e-05 
10 1.9899999998074236e-05 3.850000000227283e-05 
20 3.7900000002366596e-05 0.00018219999999757874 
50 6.220000000212167e-05 0.0012265999999989674 
80 0.0001412999999992337 0.0018580000000021357 
140 0.00032120000000190885 0.0053011999999981185 
280 0.0015996999999998707 0.011706000000000216 
350 0.003777600000002934 0.02393989999999846 
550 0.006305100000002284 0.025421799999996608 
780 0.009936100000000891 0.047562500000001506 
1000 0.01811750000000245 0.11444679999999963 
1300 0.02877189999999885 0.16734120000000274 
1800 0.059937599999997815 0.3200617000000001 
2500 0.12191729999999978 0.9249876999999991 
3000 0.19310799999999873 1.3782509000000012 
5000 0.5351835999999999 6.081229200000003 
7000 1.3685619999999972 16.0527923 
2 0.036376099999998246 0.03551470000000023 
3 7.860000000192713e-05 0.00012830000000008113 
6 2.350000000461705e-05 4.1699999997035775e-05 
10 2.1800000006066966e-05 4.1499999994698555e-05 
20 2.4899999999661304e-05 0.0001791000000039844 
50 4.429999999899792e-05 0.0006599999999963302 
80 8.449999999982083e-05 0.0014310000000037348 
140 0.0003535999999968453 0.0049725000000009345 
280 0.001620899999998926 0.008518600000002152 
350 0.0032522999999997637 0.011533100000001184 
550 0.005020799999996939 0.02879450000000361 
780 0.010950499999999863 0.05847940000000307 
1000 0.018146899999997856 0.07739769999999879 
1300 0.027678200000003983 0.14049359999999922 
1800 0.06014079999999922 0.3775645999999995 
2500 0.15000129999999956 0.8260549000000026 
3000 0.17824269999999842 1.432765400000001 
5000 0.6011306999999988 6.3196848000000045 
7000 1.3111287999999917 16.5222404 
2 0.047738000000009606 0.052616999999997915 
3 8.130000000505788e-05 0.00013119999999844367 
6 2.3299999995174403e-05 4.110000000423497e-05 
10 2.179999999896154e-05 4.240000001232147e-05 
20 2.390000000218606e-05 0.0003753000000017437 
50 0.00013950000000306773 0.001164500000001567 
80 0.00021639999999933934 0.003906299999997032 
140 0.00032910000000185846 0.002830799999998135 
280 0.001340299999995409 0.013007000000001767 
350 0.003380599999999845 0.013199800000009532 
550 0.004865799999990372 0.02709459999999808 
780 0.009416500000000383 0.04639219999999966 
1000 0.018031699999994544 0.08717350000000579 
1300 0.03246410000001276 0.17510469999999145 
1800 0.05283449999998879 0.3683912000000049 
2500 0.13912880000000882 1.0506290999999948 
3000 0.23021230000000514 1.6284378000000004 
5000 0.6839317000000023 6.52363609999999 
7000 1.2435614999999984 17.233459100000005 
2 0.043556599999988066 0.04126880000001165 
3 9.349999999130887e-05 0.00016030000000455402 
6 2.3699999999848842e-05 4.38000000002603e-05 
10 1.760000000672335e-05 3.269999999133688e-05 
20 1.9600000001673834e-05 0.00022269999999480206 
50 5.760000000520904e-05 0.0009179999999986421 
80 0.00020050000000537693 0.0021205999999978076 
140 0.00028589999999439897 0.0038947999999976446 
280 0.0012657000000046992 0.011536599999999453 
350 0.0035720000000054597 0.015881100000001425 
550 0.004574200000007522 0.029925699999992617 
780 0.010267800000008265 0.04711959999998783 
1000 0.01608180000000914 0.07817319999999484 
1300 0.03155889999999317 0.20205380000000162 
1800 0.06296319999999866 0.35273569999999665 
2500 0.1217562000000072 0.9800106 
3000 0.18217040000000395 1.4832985000000036 
5000 0.6797451999999993 5.8727150999999935 
7000 1.2598282000000012 16.880199399999995 
2 0.05593410000000176 0.050238999999976386 
3 7.510000000365835e-05 0.00011559999998667081 
6 2.1800000013172394e-05 4.0399999988949276e-05 
10 1.97999999898002e-05 4.759999998782405e-05 
20 2.390000000218606e-05 0.00020620000000803884 
50 5.469999999263564e-05 0.001739700000001676 
80 0.00022140000001513727 0.007124500000003309 
140 0.0005734000000074957 0.00600149999999644 
280 0.0020145999999954256 0.00972210000000473 
350 0.0035376000000155727 0.016530599999981632 
550 0.00449109999999564 0.03189249999999788 
780 0.010284200000000965 0.04600629999998773 
1000 0.01748770000000377 0.07448550000000864 
1300 0.03204420000000141 0.1429264999999873 
1800 0.06843169999999077 0.3688431999999864 
2500 0.124536599999999 0.8395183000000088 
3000 0.17606269999998858 1.5406462999999917 
5000 0.6849023999999986 6.2278598000000045 
7000 1.2660436000000175 16.701900299999977 
2 0.041423199999996996 0.04260719999999196 
3 0.00010560000001191838 0.00015999999999394277 
6 2.1000000003823516e-05 4.179999999109896e-05 
10 1.6900000019859363e-05 3.1100000001060835e-05 
20 1.8900000014809848e-05 0.00018579999999701613 
50 4.40999999966607e-05 0.0006531000000222775 
80 7.139999999594693e-05 0.0017569999999977881 
140 0.0002723000000059983 0.003218800000013289 
280 0.001240699999982553 0.013802900000001728 
350 0.0025665999999944233 0.014297499999997854 
550 0.005487700000003315 0.0329672999999957 
780 0.009228799999988269 0.05960319999999797 
1000 0.018480699999997796 0.08408489999999347 
1300 0.03415419999998903 0.14411120000002597 
1800 0.05881859999999506 0.37777320000000714 
2500 0.11922210000000177 0.8330138999999974 
3000 0.19330480000002126 1.493144199999989 
5000 0.7024164000000042 6.495220700000004 
7000 1.3951370000000054 16.03845959999998 
2 0.04378049999999689 0.040843399999999974 
3 8.239999999659631e-05 0.00012440000000424334 
6 1.810000000546097e-05 3.080000001887129e-05 
10 1.6200000004573667e-05 3.1100000001060835e-05 
20 1.9600000001673834e-05 0.000605600000000095 
50 0.00011220000001799235 0.0006062999999869589 
80 0.00011000000000649379 0.0038767000000063945 
140 0.0005086000000176227 0.0034460999999907926 
280 0.0013108999999928983 0.009227299999992056 
350 0.003925299999991694 0.01122770000000628 
550 0.00724800000000414 0.02925059999998325 
780 0.009209400000003143 0.04173810000000344 
1000 0.016412000000002536 0.06915549999999371 
1300 0.026377999999994017 0.14002419999999915 
1800 0.05791709999999739 0.4253889999999956 
2500 0.13178700000000276 0.71134330000001 
3000 0.18674749999999563 1.4005832999999939 
5000 0.6395132000000103 6.108808899999985 
7000 1.2257960999999966 14.827671600000002 
2 0.04015160000000151 0.04495689999998831 
3 8.659999997462364e-05 0.00014110000000755463 
6 2.8100000008635106e-05 4.780000000437212e-05 
10 1.8399999987650517e-05 3.52000000134467e-05 
20 1.950000000761065e-05 0.00015489999998408166 
50 7.370000000150867e-05 0.013813299999981155 
80 0.00010539999999537031 0.003420099999999593 
140 0.00034479999999348365 0.004912700000005543 
280 0.0015202000000158478 0.012963399999989633 
350 0.002494100000006938 0.014030499999989843 
550 0.004823499999986325 0.024297700000005307 
780 0.009384699999998247 0.056672399999996514 
1000 0.023125399999997853 0.08469889999997804 
1300 0.028097099999996544 0.12716480000000274 
1800 0.05809629999998833 0.4261404000000084 
2500 0.1508871000000056 0.7874549000000002 
3000 0.17745500000000902 1.343147899999991 
5000 0.644188000000014 5.443513699999983 
7000 1.3718241000000262 16.261028399999987 
2 0.006814699999978302 0.04983590000000504 
3 7.35000000133823e-05 0.00011459999998919557 
6 1.8400000016072227e-05 3.490000000283544e-05 
10 8.199999999192187e-05 0.00012820000000601794 
20 2.610000001368462e-05 0.00022529999998255335 
50 6.959999998912281e-05 0.0007137999999997646 
80 9.850000000710679e-05 0.001611499999995658 
140 0.00027400000001875924 0.004024700000002213 
280 0.0014999999999929514 0.008932000000015705 
350 0.002365099999991571 0.013777099999998654 
550 0.005538699999988239 0.023292600000019092 
780 0.010915699999998196 0.045133300000003373 
1000 0.017252899999988358 0.07698400000001016 
1300 0.02689649999999233 0.215885400000019 
1800 0.057482399999997824 0.3306760999999767 
2500 0.14375370000001908 0.9985422999999969 
3000 0.20180719999999042 1.5052948999999956 
5000 0.6188873000000115 5.968484599999954 
7000 1.4591203999999607 15.1802591 
