2 0.00017810000000006987 0.00185550000000001 
3 0.00010979999999993773 0.0006512999999999103 
6 0.00011439999999995898 0.0005879000000001966 
10 0.0001049999999997997 0.0005663000000000196 
20 0.00010989999999999611 0.0007471000000001116 
50 0.00013910000000016964 0.0007460999999999718 
80 0.00015610000000010338 0.0007960000000000189 
140 0.00040479999999987193 0.0012375000000000025 
280 0.002257100000000012 0.0018605000000000427 
350 0.003295599999999954 0.0024496000000000517 
550 0.007094900000000015 0.010135800000000028 
780 0.01683150000000011 0.012415999999999983 
1000 0.020941700000000063 0.013451700000000066 
1300 0.030184999999999906 0.013669700000000118 
1800 0.05672999999999995 0.03391580000000016 
2500 0.14523019999999986 0.0625363000000001 
3000 0.15655590000000008 0.07604830000000007 
5000 0.5967378000000001 0.2415786999999998 
7000 1.3095445999999997 0.6037521000000003 
2 0.0441186999999994 0.0007942000000005223 
3 0.0001020000000000465 0.0005245999999994311 
6 8.72999999996793e-05 0.0005085999999998592 
10 8.549999999996061e-05 0.0004920999999997733 
20 7.659999999987122e-05 0.0005018000000003298 
50 0.00010080000000023404 0.0006215000000002746 
80 0.0001324000000000325 0.0008080999999995342 
140 0.00033029999999989457 0.0009573000000004939 
280 0.0012634000000000256 0.0018346999999998559 
350 0.0021439000000000874 0.0025911000000000683 
550 0.005982000000000376 0.0046872000000002245 
780 0.009826799999999913 0.0066936999999995805 
1000 0.015533100000000744 0.010544299999999396 
1300 0.027704299999999904 0.015382699999999971 
1800 0.047605800000000364 0.025075499999999806 
2500 0.12697230000000026 0.07993749999999977 
3000 0.1738021999999999 0.08282230000000013 
5000 0.5282659000000001 0.20938639999999964 
7000 1.3277225000000001 0.4173857000000005 
2 0.03626940000000012 0.0004327000000001746 
3 4.939999999997724e-05 0.00024820000000058684 
6 3.8199999999655176e-05 0.00026840000000039055 
10 3.3799999999750696e-05 0.00024189999999979506 
20 3.4300000000264674e-05 0.0002743000000000606 
50 3.9799999999701186e-05 0.0002909999999998192 
80 7.169999999945276e-05 0.00035020000000063334 
140 0.00016169999999959828 0.0005059000000002811 
280 0.0007622000000004903 0.0015270999999996704 
350 0.0020100000000002893 0.001916599999999491 
550 0.006892200000000237 0.0076963999999994925 
780 0.01435220000000026 0.010204800000000347 
1000 0.01951669999999961 0.020379900000000006 
1300 0.040275300000000236 0.017644400000000005 
1800 0.06634960000000056 0.03712679999999935 
2500 0.13444020000000023 0.05364400000000025 
3000 0.16553040000000152 0.06633159999999982 
5000 0.5419154000000006 0.23268629999999924 
7000 1.116495500000001 0.47284149999999947 
2 0.03783220000000043 0.0004398000000005453 
3 4.939999999997724e-05 0.00024660000000054083 
6 3.24999999996578e-05 0.0002584999999992732 
10 3.929999999918721e-05 0.00024220000000063635 
20 5.4499999999180204e-05 0.00031300000000022976 
50 5.9000000000253294e-05 0.000309399999999016 
80 5.359999999932086e-05 0.0003457999999998407 
140 0.00014730000000007237 0.0004990000000013595 
280 0.000862100000000865 0.001176899999999037 
350 0.0016035999999992612 0.001601100000000244 
550 0.0048496000000000095 0.003752900000000281 
780 0.009800100000001422 0.0065651999999989386 
1000 0.015763800000000217 0.008383000000000251 
1300 0.027229600000000076 0.013563900000001183 
1800 0.05594860000000068 0.06026319999999963 
2500 0.14502550000000092 0.05304019999999987 
3000 0.17560470000000095 0.07926460000000013 
5000 0.5135957999999992 0.26498510000000053 
7000 1.1910071999999996 0.45946029999999993 
2 0.04271519999999995 0.0006755000000016054 
3 8.300000000005525e-05 0.0003877999999986059 
6 6.759999999950139e-05 0.00035390000000035116 
10 4.3599999999699435e-05 0.00031140000000107193 
20 3.839999999932786e-05 0.00030459999999976617 
50 6.729999999954828e-05 0.000819200000000464 
80 0.00016350000000109333 0.0009090000000000487 
140 0.00026149999999880436 0.0012122000000012179 
280 0.0011522999999993289 0.002277100000000587 
350 0.002576100000000636 0.002999699999998384 
550 0.0065840999999995375 0.004054399999999347 
780 0.009108400000000572 0.0053952000000005995 
1000 0.01585550000000069 0.00920349999999992 
1300 0.030403800000000203 0.01727430000000041 
1800 0.05290989999999951 0.03326910000000005 
2500 0.1438663000000009 0.056205099999999675 
3000 0.1852551000000009 0.07565489999999997 
5000 0.5863526999999991 0.22320610000000052 
7000 1.147822800000002 0.3580955999999986 
2 0.04462230000000034 0.0008209000000007904 
3 0.0002998000000005163 0.0017212000000021987 
6 0.00011650000000074101 0.001229099999999761 
10 0.0002685999999982869 0.0011563999999992802 
20 0.00010539999999892302 0.0009242000000000417 
50 0.00013810000000091804 0.0006348999999978844 
80 0.00013120000000199639 0.000566799999997869 
140 0.00019370000000051846 0.0006258999999992909 
280 0.0018011000000015542 0.0031902999999999793 
350 0.0027964000000011424 0.0024847999999977333 
550 0.006405400000002004 0.004346799999996875 
780 0.011139100000001179 0.005450199999998517 
1000 0.015830699999998643 0.008951400000000831 
1300 0.030670600000000547 0.033136400000000066 
1800 0.06431480000000178 0.03882499999999922 
2500 0.12130080000000021 0.0731332000000009 
3000 0.1853365999999994 0.07042269999999817 
5000 0.5715207999999983 0.21907489999999896 
7000 1.1455877 0.3905157999999993 
2 0.037195699999998055 0.000619400000001491 
3 0.00016240000000067312 0.0006577999999990425 
6 5.930000000020641e-05 0.0003719000000010908 
10 0.0005786000000007618 0.0015572000000005914 
20 0.00017049999999940724 0.0008970999999995399 
50 8.300000000005525e-05 0.0008435999999996113 
80 8.180000000024279e-05 0.0010489000000006854 
140 0.0002455999999995129 0.0007589999999986219 
280 0.0019124999999995396 0.0014506999999994719 
350 0.0022518000000033567 0.0022246999999993022 
550 0.007158300000000395 0.004790899999999709 
780 0.011581400000000741 0.007015800000001349 
1000 0.02049159999999972 0.00967019999999863 
1300 0.031557700000000466 0.014988999999999919 
1800 0.07056919999999778 0.05752209999999991 
2500 0.1599712999999987 0.05770950000000141 
3000 0.18175510000000017 0.07725429999999989 
5000 0.5214379999999998 0.2589030999999977 
7000 1.1866727000000026 0.5585303999999987 
2 0.04001170000000087 0.0005081000000011215 
3 5.789999999805673e-05 0.000293800000001454 
6 5.180000000137852e-05 0.00045659999999969614 
10 6.469999999936249e-05 0.0003227000000016744 
20 4.549999999881038e-05 0.00031170000000102505 
50 8.289999999888664e-05 0.0005088999999998123 
80 0.0001277000000001749 0.0006848000000019283 
140 0.00017800000000178784 0.0011697999999995545 
280 0.0019797999999973115 0.0017233999999994865 
350 0.002258900000001063 0.0025669999999990978 
550 0.007238000000000966 0.005048399999999731 
780 0.011084999999997791 0.006732299999999469 
1000 0.01995279999999866 0.0191283999999996 
1300 0.0330711000000008 0.014381600000000105 
1800 0.05742910000000023 0.025731900000000252 
2500 0.10972359999999881 0.046199400000002555 
3000 0.15722879999999861 0.06654780000000216 
5000 0.5194545000000019 0.21189799999999792 
7000 1.0546836000000006 0.42221560000000125 
2 0.03725869999999887 0.0006014000000007513 
3 0.0001088999999971918 0.001187500000000341 
6 9.740000000135751e-05 0.001815099999998182 
10 8.230000000253312e-05 0.0008267999999986841 
20 5.570000000076902e-05 0.0004367000000016219 
50 0.0004181999999985919 0.0005178000000007899 
80 0.0002801000000012266 0.0006036999999992076 
140 0.0004670999999980552 0.0011437000000000808 
280 0.0019210999999970113 0.0026177000000018324 
350 0.002150499999999056 0.003822700000000623 
550 0.004967700000001685 0.004447400000000101 
780 0.011517000000001332 0.007777999999998286 
1000 0.017256499999998454 0.009704800000001512 
1300 0.031215700000000624 0.0220667999999975 
1800 0.08384099999999961 0.032337500000000574 
2500 0.12825850000000116 0.049621699999999436 
3000 0.18765080000000012 0.08879429999999999 
5000 0.4603314999999988 0.22626160000000084 
7000 1.1768141000000014 0.4491721999999996 
2 0.047475699999999676 0.0007728000000000179 
3 0.00010989999999821976 0.0007982000000019696 
6 0.00011500000000097543 0.0008059999999971978 
10 0.00011329999999887264 0.000887900000002162 
20 9.73999999978048e-05 0.0003436000000007766 
50 4.4700000000119644e-05 0.0004424000000007311 
80 5.8899999999084685e-05 0.0004929999999987444 
140 0.00017509999999987258 0.0016113000000004263 
280 0.0015675999999977819 0.0013399000000013928 
350 0.0024028000000022587 0.003061799999997561 
550 0.006109200000000925 0.007370300000001606 
780 0.011393999999999238 0.007074599999999265 
1000 0.017073799999998585 0.011289100000002605 
1300 0.03346970000000127 0.017971899999999152 
1800 0.05868560000000045 0.029349100000001016 
2500 0.12599369999999865 0.05383780000000016 
3000 0.16507250000000084 0.06847059999999772 
5000 0.6333103999999992 0.20774979999999843 
7000 1.1250375999999989 0.4418812999999986 
