2 0.000128000000000128 6.179999999966768e-05 
3 3.96000000000285e-05 6.900000000253925e-06 
6 4.450000000000287e-05 7.200000000207041e-06 
10 4.550000000014265e-05 1.1399999999994748e-05 
20 4.5899999999932106e-05 9.90000000022917e-06 
50 7.58000000002923e-05 4.709999999974457e-05 
80 0.00014669999999972205 0.00019410000000030792 
140 0.00038999999999989043 0.0004349999999999632 
280 0.003443000000000307 0.001653399999999916 
350 0.004412900000000164 0.002752599999999994 
550 0.0095000999999999 0.009302599999999828 
780 0.017193400000000025 0.019726999999999606 
1000 0.027052799999999877 0.04354310000000039 
1300 0.05888800000000005 0.09818669999999985 
1800 0.08543919999999972 0.20575420000000033 
2500 0.20300340000000006 0.5654215999999996 
3000 0.3160432000000002 0.9114754999999999 
5000 0.9145867000000001 3.6965192 
7000 1.9714565000000004 10.453925599999998 
2 0.08317279999999982 0.039968600000001686 
3 8.429999999748361e-05 1.5300000001161607e-05 
6 2.8900000000220416e-05 5.50000000032469e-06 
10 2.7600000002792058e-05 5.19999999681886e-06 
20 4.049999999722331e-05 6.8000000013057615e-06 
50 6.709999999898741e-05 2.8400000001482795e-05 
80 0.00012710000000026866 0.0001201000000001784 
140 0.0003685000000004379 0.00028110000000225455 
280 0.002304500000001042 0.001203700000001362 
350 0.0037869000000014807 0.0030698999999998478 
550 0.009830399999998463 0.007994700000001131 
780 0.017997999999998626 0.018386200000001907 
1000 0.03052279999999996 0.044312200000000246 
1300 0.061644599999997496 0.0889445000000002 
1800 0.09665519999999717 0.2256656000000028 
2500 0.24183239999999984 0.5668523000000008 
3000 0.3332569999999997 1.0147602000000013 
5000 1.0052993000000008 3.8992043999999986 
7000 1.9949955999999993 10.331612200000002 
2 0.08103759999999482 0.04165250000000498 
3 8.349999999524016e-05 1.6000000002236447e-05 
6 2.810000000152968e-05 5.3000000050928975e-06 
10 2.7000000002885827e-05 7.699999997612395e-06 
20 3.809999999759839e-05 7.899999999949614e-06 
50 6.350000000310274e-05 3.0599999995217786e-05 
80 0.0001201999999977943 0.00012549999999578176 
140 0.0005151000000012118 0.0003531999999992763 
280 0.0036072999999987587 0.0013976000000042177 
350 0.004314200000003154 0.0029673000000016714 
550 0.012287999999998078 0.008181999999997913 
780 0.01957150000000496 0.018303699999997036 
1000 0.02741779999999494 0.04196230000000156 
1300 0.051166099999996106 0.08631660000000352 
1800 0.10884920000000164 0.22711439999999783 
2500 0.23323189999999983 0.5594566000000043 
3000 0.314396600000002 0.9907083000000014 
5000 0.9076297000000011 3.934191400000003 
7000 1.8922384999999977 9.7539127 
2 0.0814469000000031 0.03901599999999661 
3 8.230000000253312e-05 1.3599999995506096e-05 
6 2.870000000143591e-05 5.099999995650251e-06 
10 2.679999999344318e-05 5.3000000050928975e-06 
20 3.1900000003304285e-05 7.300000000043383e-06 
50 6.580000000155906e-05 2.6300000001810986e-05 
80 0.0001351000000013869 0.00010929999999831352 
140 0.0003649999999950637 0.00024900000000371847 
280 0.0022935000000003924 0.0012936999999979548 
350 0.0054338999999998805 0.002148800000000506 
550 0.010129899999995473 0.006998500000001684 
780 0.018240999999996177 0.018246900000001176 
1000 0.0310214000000002 0.036827399999999955 
1300 0.05887809999999405 0.09081520000000154 
1800 0.09469639999999657 0.19508290000000272 
2500 0.22697749999999672 0.591586300000003 
3000 0.2877342000000027 0.8949562000000029 
5000 0.9160857999999905 3.633714100000006 
7000 1.8810148000000027 9.8116713 
2 0.07920630000000983 0.03848579999998947 
3 8.289999999533393e-05 1.650000000097407e-05 
6 2.7899999992087032e-05 5.50000000032469e-06 
10 2.5600000000736145e-05 5.699999988451054e-06 
20 3.0899999998723615e-05 6.499999997799932e-06 
50 6.62000000062335e-05 2.579999998886251e-05 
80 0.00011960000000499349 0.00012870000000475557 
140 0.0003858999999977186 0.0002461999999923137 
280 0.002447300000000041 0.0009933000000046377 
350 0.0033087000000051603 0.0020569999999935362 
550 0.008950400000003356 0.006235799999998903 
780 0.017056400000001304 0.016391900000002124 
1000 0.028191700000007813 0.03451969999998994 
1300 0.05246289999999476 0.07150130000000843 
1800 0.09287559999999928 0.23001530000000514 
2500 0.20454599999999346 0.5125706000000037 
3000 0.3201995000000011 0.8753552000000013 
5000 0.9002756000000005 3.6272154999999913 
7000 1.8838023999999933 9.788421499999998 
2 0.08038210000000845 0.0391256999999996 
3 8.270000000720756e-05 1.4899999996487168e-05 
6 2.6800000000548607e-05 5.3999999920506525e-06 
10 2.5500000006672963e-05 5.3999999920506525e-06 
20 3.0399999999985994e-05 6.700000000137152e-06 
50 6.520000000875825e-05 2.800000000036107e-05 
80 0.00011639999999601969 0.00013220000001012977 
140 0.0004823000000016009 0.00021720000000868822 
280 0.0025973000000050206 0.0014063999999933685 
350 0.004409499999994182 0.003090700000001334 
550 0.013001200000005042 0.007827300000002424 
780 0.019214899999994373 0.01931110000001013 
1000 0.03135569999999177 0.03763320000000192 
1300 0.053855599999991455 0.07794550000001266 
1800 0.09298480000001064 0.18663929999999596 
2500 0.20087469999999996 0.5665504999999911 
3000 0.2973932000000019 0.8915664000000021 
5000 0.8916274999999985 3.647500100000002 
7000 1.8984915000000058 9.800051300000007 
2 0.08121289999999703 0.040369400000003 
3 8.18000000037955e-05 1.4200000009623182e-05 
6 2.7700000003960668e-05 5.199999989713433e-06 
10 3.060000000232321e-05 5.29999999798747e-06 
20 3.070000001059725e-05 6.8999999882635166e-06 
50 6.510000000048421e-05 2.6900000008822644e-05 
80 0.00013500000000021828 0.0001160000000055561 
140 0.00042740000000662803 0.0002463000000005877 
280 0.0026644000000004553 0.0010995999999892092 
350 0.004653000000004681 0.0021202999999871963 
550 0.008799800000005575 0.006732999999996991 
780 0.016934900000009634 0.018848199999993653 
1000 0.02813000000000443 0.03585699999999292 
1300 0.04897900000000277 0.07161469999999781 
1800 0.08697139999999592 0.2003615999999937 
2500 0.20153999999999428 0.5201957000000021 
3000 0.2887234000000092 0.8854730999999987 
5000 0.8932421999999889 3.67657650000001 
7000 1.8904735999999929 9.791354000000013 
2 0.07213840000000005 0.03679429999999684 
3 7.670000002235611e-05 1.4300000003686364e-05 
6 2.3700000014059697e-05 4.9999999873762135e-06 
10 2.290000000471082e-05 4.799999999249849e-06 
20 2.689999999461179e-05 5.900000019209983e-06 
50 6.0200000007171184e-05 2.340000000344844e-05 
80 0.00010280000000761902 0.00014860000001704066 
140 0.0004952999999829899 0.00029250000000047294 
280 0.002007599999984677 0.0013969000000031428 
350 0.003777499999984002 0.0024648000000127013 
550 0.009055700000004663 0.0068718999999930475 
780 0.016419700000000148 0.016710599999981923 
1000 0.02883829999998966 0.03634960000002252 
1300 0.04894900000002167 0.09210339999998496 
1800 0.08896880000000351 0.19915109999999459 
2500 0.2089264999999898 0.510708099999988 
3000 0.2910010000000227 0.8739743999999803 
5000 0.8895009000000016 3.6650301999999897 
7000 1.8853148999999974 9.765055500000017 
2 0.07246269999998844 0.036698700000016515 
3 7.400000001211993e-05 1.3099999989663047e-05 
6 2.2400000005973197e-05 4.300000000512227e-06 
10 2.1899999978813867e-05 4.799999999249849e-06 
20 2.69000000230335e-05 5.499999986113835e-06 
50 5.4600000026994167e-05 2.2699999988162745e-05 
80 9.879999998929634e-05 0.00013889999999605607 
140 0.0003150999999945725 0.00022530000001097505 
280 0.0025981000000001586 0.0013067999999805124 
350 0.003715999999997166 0.002074699999980112 
550 0.008077299999996512 0.0070633999999927255 
780 0.015045700000001716 0.01664890000000696 
1000 0.026775900000018282 0.03768149999999082 
1300 0.053237700000011046 0.07171460000000707 
1800 0.09086920000001442 0.18687289999999734 
2500 0.23038700000000745 0.5251410999999848 
3000 0.289925199999999 0.8872666000000038 
5000 0.889175999999992 3.652356200000014 
7000 1.881527900000009 9.705311099999989 
2 0.09004519999999161 0.04041470000001368 
3 8.12000000109947e-05 1.4499999991812729e-05 
6 3.000000000952241e-05 5.700000002661909e-06 
10 2.819999997427658e-05 5.700000002661909e-06 
20 6.750000000010914e-05 1.1599999993450183e-05 
50 9.33000000031825e-05 4.330000001573353e-05 
80 0.00021499999999718966 0.00012140000001181761 
140 0.0004156000000250515 0.00022599999999783904 
280 0.0031269999999778975 0.0013796000000070308 
350 0.005294499999990876 0.002199799999999641 
550 0.0103354999999965 0.007563199999992776 
780 0.020472400000016933 0.020186499999994112 
1000 0.028982899999988376 0.036220399999990605 
1300 0.06296660000000998 0.08238240000000019 
1800 0.10117640000001416 0.20857559999998898 
2500 0.20080270000002542 0.4950114999999755 
3000 0.320390500000002 0.8345720000000085 
5000 0.9028092000000072 3.6177887000000055 
7000 1.895360399999987 9.70906389999999 
