2 0.0006244000000000804 0.00019369999999996335 
3 0.00034849999999997383 0.00010040000000000049 
6 0.0003314999999999291 9.600000000009601e-05 
10 0.0003424999999999123 9.780000000003675e-05 
20 0.00035119999999999596 0.0001052000000000275 
50 0.00042549999999996757 0.00011210000000005937 
80 0.0005287000000000486 0.00010989999999999611 
140 0.000876299999999941 0.00011200000000000099 
280 0.0039751999999999565 0.00014239999999998698 
350 0.006931400000000032 0.00014959999999997198 
550 0.012339800000000012 0.0001594999999999791 
780 0.024135200000000023 0.0002039000000000346 
1000 0.03887930000000006 0.00021539999999997672 
1300 0.0682254000000001 0.00025209999999997734 
1800 0.12791210000000008 0.0006144999999999623 
2500 0.2943932 0.00037200000000003897 
3000 0.42286519999999994 0.0006094999999999295 
5000 1.2555722 0.0009348999999998497 
7000 2.6060766 0.0008106000000003277 
2 0.0008672000000000679 0.00021380000000004173 
3 0.0006349000000005489 0.00015959999999992647 
6 0.0005445000000001698 0.00016480000000029804 
10 0.0005397000000000318 0.0001571000000000211 
20 0.0005335999999998009 0.0001566000000003953 
50 0.0006440999999997032 0.00016740000000048383 
80 0.0008192999999998563 0.00018320000000038306 
140 0.0013819999999995503 0.00019360000000023803 
280 0.005688200000000698 0.00015769999999992734 
350 0.007400299999999582 0.0001778000000003388 
550 0.01495240000000031 0.00018289999999954176 
780 0.027829800000000127 0.000172000000000061 
1000 0.0409423999999996 0.00018649999999986733 
1300 0.06884140000000016 0.0001845999999998682 
1800 0.14089479999999988 0.00032530000000008386 
2500 0.2965325999999999 0.0004306000000005028 
3000 0.4194110999999996 0.0004971999999998644 
5000 1.3026423999999999 0.0006751999999998759 
7000 2.5848491000000005 0.0005287000000002706 
2 0.0006225000000004144 0.00014670000000016614 
3 0.00035540000000011673 9.709999999962804e-05 
6 0.00044459999999979516 0.00010239999999939187 
10 0.00032460000000078537 9.289999999850806e-05 
20 0.00032610000000055095 9.529999999990935e-05 
50 0.0004469999999994201 0.00014200000000030855 
80 0.0006727000000008587 0.00015609999999988133 
140 0.0009838000000002012 0.00013459999999909655 
280 0.004382800000000131 0.00016459999999973718 
350 0.007762999999998854 0.00018180000000000973 
550 0.01488839999999847 0.00016339999999992472 
780 0.028437800000000735 0.00020959999999980994 
1000 0.0455565 0.00026210000000048694 
1300 0.07825549999999915 0.00020160000000046807 
1800 0.1325012999999995 0.00038150000000136686 
2500 0.2983802999999998 0.000426900000000785 
3000 0.41652430000000074 0.00042829999999938195 
5000 1.2369865000000004 0.0006701000000006729 
7000 2.6066929000000005 0.0005579999999998364 
2 0.0006208999999994802 0.0001420999999997008 
3 0.00039040000000056807 9.490000000056398e-05 
6 0.00031949999999980605 9.329999999962979e-05 
10 0.0003249000000007385 9.239999999977044e-05 
20 0.0003261999999999432 0.00010710000000102582 
50 0.0004364999999992847 0.00011040000000051009 
80 0.000517099999999715 0.00010890000000074451 
140 0.0008461000000004049 0.00012019999999957065 
280 0.004191900000000359 0.0001554999999999751 
350 0.006585599999999303 0.00018240000000169232 
550 0.013810400000000556 0.0001563000000004422 
780 0.025192900000000407 0.00016349999999931697 
1000 0.04455669999999934 0.0002329000000003134 
1300 0.06524899999999967 0.00020680000000083965 
1800 0.12240850000000059 0.00023619999999979768 
2500 0.28424859999999974 0.0003849000000002434 
3000 0.4368930000000013 0.0005053000000003749 
5000 1.2440706000000006 0.0006849999999971601 
7000 2.5933138999999983 0.0005845000000022083 
2 0.000571499999999503 0.00013840000000087116 
3 0.0003795999999987032 9.71000000014044e-05 
6 0.0003218000000018151 0.00010520000000013852 
10 0.0003111999999987347 9.16000000010797e-05 
20 0.0003264000000022804 9.829999999766414e-05 
50 0.000438000000002603 0.00010329999999925121 
80 0.000547499999999701 0.00011849999999924421 
140 0.0008748999999994567 0.00012740000000022178 
280 0.0041869000000005485 0.0001562000000028263 
350 0.006719800000002607 0.0001566000000003953 
550 0.01390530000000112 0.0001508000000001175 
780 0.0254714000000007 0.00017120000000048208 
1000 0.04921249999999944 0.00022639999999896077 
1300 0.0702235999999985 0.0002551000000003967 
1800 0.12672500000000042 0.00033069999999923994 
2500 0.2898935999999992 0.0004497999999983904 
3000 0.41747729999999805 0.0004197999999995261 
5000 1.2474185999999996 0.0005104000000031306 
7000 2.6068734000000013 0.0006208999999977038 
2 0.0009297000000003663 0.00024189999999890688 
3 0.000618400000000463 0.00016299999999702663 
6 0.0005707000000008122 0.0002630000000003463 
10 0.0005465000000022258 0.00018150000000005662 
20 0.00046259999999875845 0.0001314000000007809 
50 0.0004771999999988452 0.00012299999999854094 
80 0.0005790000000018836 0.00012319999999732545 
140 0.0010067999999989752 0.00015149999999763963 
280 0.006149000000000626 0.00023570000000106006 
350 0.009252799999998729 0.00018980000000112796 
550 0.017335400000000334 0.0002996999999993477 
780 0.02949920000000006 0.00021689999999807696 
1000 0.04664280000000076 0.0001795999999991693 
1300 0.06676540000000131 0.00022179999999849542 
1800 0.12638279999999824 0.000392800000000193 
2500 0.28366259999999954 0.000438400000000172 
3000 0.4166558000000009 0.0005342999999982112 
5000 1.2612226 0.0008455999999981145 
7000 2.5886685999999983 0.000536000000000314 
2 0.0006414999999968529 0.00014970000000147365 
3 0.0003852999999978124 0.00010060000000322589 
6 0.00032660000000106493 9.479999999939537e-05 
10 0.00031770000000008736 9.299999999967667e-05 
20 0.0003409999999988145 9.479999999939537e-05 
50 0.0004538000000025022 0.00010799999999733245 
80 0.0005811000000015554 0.00011399999999994748 
140 0.0008093999999978507 0.00011570000000205027 
280 0.0036437999999989756 0.0001525999999998362 
350 0.007072499999999593 0.00016139999999964516 
550 0.013586000000000098 0.0001619000000019355 
780 0.025768500000001637 0.00016069999999857032 
1000 0.04474810000000318 0.00020319999999784955 
1300 0.06481780000000015 0.00025109999999983756 
1800 0.12331760000000003 0.000324599999999009 
2500 0.2802730000000011 0.00035760000000095715 
3000 0.4268463000000011 0.00045529999999871507 
5000 1.2574758000000017 0.0006425999999990495 
7000 2.6188570999999996 0.0006748999999999228 
2 0.0006927999999959411 0.0002876000000000545 
3 0.0005050000000039745 0.00011500000000097543 
6 0.00033630000000073323 9.619999999443962e-05 
10 0.00031860000000705213 9.409999999832053e-05 
20 0.00034030000000484506 9.509999999579577e-05 
50 0.000419499999999573 0.00010629999999878237 
80 0.0005330999999983987 0.00011080000000163182 
140 0.0008420000000057826 0.00011949999999671945 
280 0.004750699999995334 0.00019380000000523978 
350 0.011409999999997922 0.0002683000000018865 
550 0.018484800000003077 0.00016729999999398615 
780 0.027588200000003837 0.0001643999999956236 
1000 0.04025940000000361 0.0001946000000003778 
1300 0.06488989999999717 0.0002100999999967712 
1800 0.14616180000000156 0.0005742000000026337 
2500 0.302282500000004 0.00038089999999613156 
3000 0.41863749999999555 0.0004933000000022503 
5000 1.2789287999999956 0.0006638000000052102 
7000 2.6585824000000002 0.0006527999999974554 
2 0.0006626999999994609 0.0001717000000027724 
3 0.0004215000000016289 0.00010410000000149466 
6 0.0003889999999984184 0.00010490000000373811 
10 0.0003352000000020894 0.0001047000000014009 
20 0.00040179999999878646 0.00013839999999731845 
50 0.000541099999999517 0.00011010000000055697 
80 0.0005608000000023594 0.00010999999999938836 
140 0.00080859999999916 0.00011750000000176897 
280 0.004203699999997923 0.0001810000000048717 
350 0.006750900000000115 0.00016279999999824213 
550 0.01392049999999756 0.00016480000000029804 
780 0.025345899999997812 0.0001622999999995045 
1000 0.048255900000000906 0.0006063000000011698 
1300 0.07035180000000452 0.0002765999999994051 
1800 0.1324928000000014 0.00041860000000326636 
2500 0.28469809999999995 0.0004054000000053293 
3000 0.4506945999999985 0.00041310000000294167 
5000 1.3002038999999996 0.0007655999999940377 
7000 2.7765962 0.0005823999999989837 
2 0.0006385999999949377 0.0001463000000043735 
3 0.00036949999999791316 0.00010050000000205728 
6 0.00033450000000101454 9.850000000000136e-05 
10 0.00033859999999918955 9.830000000476957e-05 
20 0.0003299000000041019 9.399999999715192e-05 
50 0.00038770000000454274 9.74999999954207e-05 
80 0.0005303000000012048 0.00010240000000294458 
140 0.0008426000000056888 0.00011529999999737583 
280 0.003841600000001222 0.00015180000000469818 
350 0.007069400000005999 0.00015239999999749898 
550 0.013169599999997672 0.00015160000000236096 
780 0.02476930000000266 0.00016179999999366146 
1000 0.04496489999999653 0.00020539999999868996 
1300 0.06490029999999791 0.0002114000000048577 
1800 0.12766290000000424 0.0002952999999976669 
2500 0.29370570000000384 0.0003659999999996444 
3000 0.41664600000000007 0.000346800000002645 
5000 1.322323400000002 0.0006618000000031543 
7000 2.7842456999999996 0.0005340000000018108 
