2 0.0004377000000000055 
5 7.264090909102224e-05 
10 5.6640909090764005e-05 
15 6.863181818185137e-05 
17 7.257727272725788e-05 
19 8.097272727279992e-05 
25 0.00011187727272741402 
35 0.0005632818181818115 
45 0.0007232409090909074 
50 0.000816236363636268 
65 0.001301595454545395 
80 0.001777699999999983 
90 0.0019021954545453664 
100 0.0024614636363635496 
140 0.003850368181818124 
180 0.005345040909091017 
240 0.007656440909091001 
320 0.011540668181818304 
490 0.029189172727272696 
570 0.04103500454545451 
670 0.05821003181818181 
890 0.10376677727272741 
