2 0.0004813636363635803 
5 7.459090909103036e-05 
10 5.584999999994824e-05 
15 5.909545454546078e-05 
17 6.0959090909075044e-05 
19 6.710909090900208e-05 
25 7.484090909069188e-05 
35 0.0005044227272727515 
45 0.0005828318181818816 
50 0.0006413136363636607 
65 0.0011476545454546239 
80 0.0013322363636363197 
90 0.0017737590909093668 
100 0.0019280636363637547 
140 0.0029060454545455057 
180 0.006621772727272682 
240 0.009353631818181779 
320 0.013595349999999966 
490 0.029139854545454525 
570 0.039570754545454466 
670 0.055848981818181855 
890 0.10696480909090914 
