2 0.0002561772727274052 
5 4.804090909094061e-05 
10 4.264090909095691e-05 
15 4.923636363630085e-05 
17 5.606818181822717e-05 
19 5.744545454554707e-05 
25 6.534090909084764e-05 
35 0.0005514954545454799 
45 0.0006436363636364976 
50 0.0006769590909089744 
65 0.0012000999999999262 
80 0.0013585500000000592 
90 0.001800313636363475 
100 0.0020854227272727606 
140 0.0032104909090909795 
180 0.0074387272727273294 
240 0.01045413636363638 
320 0.016036450000000056 
490 0.03867621363636363 
570 0.05659205909090925 
670 0.08193268636363622 
890 0.1386766863636364 
