2 0.0002563954545456134 
5 5.3381818181158e-05 
10 4.48090909092036e-05 
15 6.400454545534385e-05 
17 6.795000000042739e-05 
19 8.619545454576065e-05 
25 0.00012676363636373388 
35 0.0008478636363637337 
45 0.0010136681818178415 
50 0.0011595454545455166 
65 0.002057040909090818 
80 0.0029827818181819414 
90 0.0035882727272724376 
100 0.004401245454544698 
140 0.009238572727272193 
180 0.015515113636363865 
240 0.027077750000000293 
320 0.04661310454545424 
490 0.1311850181818184 
570 0.20100275909090903 
670 0.3251842136363633 
890 0.8307087954545455 
