2 0.0005086409090907619 
5 5.6277272727803506e-05 
10 5.230454545483583e-05 
15 6.734090909081432e-05 
17 7.607272727253286e-05 
19 8.806363636364041e-05 
25 0.00013055909090852293 
35 0.0007120272727274759 
45 0.0009539636363636558 
50 0.001130968181818126 
65 0.0018500272727273977 
80 0.0024694045454545636 
90 0.0028690863636369394 
100 0.003459018181818717 
140 0.006076436363636569 
180 0.011579781818181856 
240 0.019297154545454834 
320 0.03880618181818208 
490 0.1090734681818181 
570 0.17425945000000007 
670 0.25429484545454595 
890 0.5603359000000008 
