2 0.00023142272727265758 
5 4.741818181810207e-05 
10 4.819999999988722e-05 
15 7.041363636356939e-05 
17 7.073636363646996e-05 
19 8.504545454550301e-05 
25 0.00012471363636363706 
35 0.0007446272727273384 
45 0.0009176499999998356 
50 0.0009504818181817274 
65 0.0014986045454545495 
80 0.0019895181818180186 
90 0.0021863772727273275 
100 0.0027900454545454504 
140 0.004255677272727193 
180 0.006289522727272744 
240 0.01005835000000007 
320 0.015507304545454596 
490 0.03808349090909083 
570 0.05275924090909087 
670 0.07741828636363635 
890 0.13538288181818164 
