2 0.00026427272727267114 
5 0.00010289545454568071 
10 6.337727272734658e-05 
15 0.00010206818181843971 
17 0.00010532272727240252 
19 0.00014844090909091586 
25 0.0001700545454543436 
35 0.0009286590909093037 
45 0.0013451863636364777 
50 0.001478649999999627 
65 0.002371504545455074 
80 0.0032217045454547943 
90 0.0038665272727273544 
100 0.004306690909090749 
140 0.0075169545454543685 
180 0.013942968181817868 
240 0.022590604545454643 
320 0.04184250909090915 
490 0.1343135136363631 
570 0.19327501818181766 
670 0.3080671818181823 
890 0.7611255045454548 
