2 0.0004303954545457471 
5 7.974090909131219e-05 
10 7.116818181804067e-05 
15 7.905909090935833e-05 
17 8.619545454595242e-05 
19 0.00012211818181885224 
25 0.00026362727272707687 
35 0.0008954545454548404 
45 0.0012270500000004312 
50 0.001239527272726844 
65 0.0021502363636364567 
80 0.002713950000000086 
90 0.0036237045454543333 
100 0.003978781818181585 
140 0.0074352363636362995 
180 0.011960459090908553 
240 0.02214985000000028 
320 0.038701018181818286 
490 0.11299694090909072 
570 0.16542591818181765 
670 0.2625922318181813 
890 0.5482350090909095 
