2 0.00019040000000007535 
5 4.540909090894834e-05 
10 4.856363636385197e-05 
15 6.980454545459722e-05 
17 6.90272727273955e-05 
19 8.560909090903446e-05 
25 0.00012669090909101963 
35 0.0006933545454544488 
45 0.0008280954545455359 
50 0.000944395454545494 
65 0.0015578772727274724 
80 0.00204590000000005 
90 0.002291290909090839 
100 0.002952813636363627 
140 0.004359995454545457 
180 0.006534936363636284 
240 0.00990901818181819 
320 0.01621378181818184 
490 0.0410377272727273 
570 0.05446061818181809 
670 0.07212389545454538 
890 0.1444365136363637 
