2 0.00042346363636361605 
5 5.596818181816878e-05 
10 4.63136363637797e-05 
15 6.044545454551222e-05 
17 6.507272727267073e-05 
19 7.431818181812367e-05 
25 0.00010564545454541915 
35 0.0005695227272727411 
45 0.0007199909090910082 
50 0.0008043454545453702 
65 0.0012529181818180725 
80 0.0017818954545452631 
90 0.0019300863636364214 
100 0.0023994954545455112 
140 0.003650672727272809 
180 0.005091277272727331 
240 0.007563772727272589 
320 0.011640622727272742 
490 0.027716799999999965 
570 0.0397446863636364 
670 0.05938049090909087 
890 0.10724983636363641 
