2 0.00048352272727260966 
5 6.768636363632926e-05 
10 4.679090909112923e-05 
15 5.0713636363663994e-05 
17 5.356818181809977e-05 
19 5.7336363636321813e-05 
25 6.551363636365559e-05 
35 0.0004858090909091476 
45 0.0006197909090908924 
50 0.0006763181818181252 
65 0.0011034590909091222 
80 0.0013233227272726365 
90 0.001715677272727236 
100 0.0018976409090909877 
140 0.002900163636363756 
180 0.006519868181818469 
240 0.009582336363636458 
320 0.014290554545454552 
490 0.03185593636363646 
570 0.04534979090909085 
670 0.06495706363636365 
890 0.11626323636363628 
