2 0.00046151818181824645 
5 5.987272727262213e-05 
10 4.599090909105576e-05 
15 5.112727272730973e-05 
17 5.410909090920356e-05 
19 5.843636363630803e-05 
25 6.594090909086489e-05 
35 0.0005106500000000569 
45 0.0006191863636365389 
50 0.0006692954545455467 
65 0.001158140909090903 
80 0.0014001954545455255 
90 0.001825254545454579 
100 0.0020236681818183166 
140 0.0030546000000001294 
180 0.006774759090909067 
240 0.009480513636363557 
320 0.016898922727272527 
490 0.03839556363636364 
570 0.047760272727272686 
670 0.06935557727272725 
890 0.1358548181818182 
