2 0.0002758318181818951 
5 6.654545454552614e-05 
10 5.673181818188766e-05 
15 6.495454545459149e-05 
17 6.892727272727657e-05 
19 7.058636363639247e-05 
25 8.191818181811008e-05 
35 0.0005438090909090188 
45 0.000674381818181943 
50 0.0007574590909090083 
65 0.0013016909090909458 
80 0.0015387409090908966 
90 0.0019552363636362994 
100 0.002157781818181871 
140 0.003296463636363595 
180 0.007450759090909087 
240 0.010886036363636437 
320 0.015307272727272746 
490 0.033285868181818 
570 0.04672711363636366 
670 0.06618965454545463 
890 0.1315244954545455 
