2 0.0002563500000002434 
5 3.70272727272979e-05 
10 4.203181818216136e-05 
15 6.199545454570566e-05 
17 7.059999999954224e-05 
19 8.777727272771515e-05 
25 0.00012427272727229898 
35 0.0014695272727271952 
45 0.0010303772727271 
50 0.0012319772727270835 
65 0.002012331818181945 
80 0.0027847045454543447 
90 0.003426818181817534 
100 0.00419346818181772 
140 0.00788948636363631 
180 0.013627795454545566 
240 0.02321408181818172 
320 0.0424918636363642 
490 0.13273934545454513 
570 0.19382961363636408 
670 0.31240575000000004 
890 0.7924897590909094 
