2 0.0004206636363638484 
5 5.229090909132271e-05 
10 4.986363636386412e-05 
15 5.782727272750744e-05 
17 5.642727272737634e-05 
19 6.455909090874457e-05 
25 9.529090909046997e-05 
35 0.0007095454545458034 
45 0.0008449863636365522 
50 0.0009538909090914513 
65 0.0017536363636372746 
80 0.0022304818181819123 
90 0.002700554545454491 
100 0.0034345363636364727 
140 0.007001277272727016 
180 0.012163718181818323 
240 0.022756209090908728 
320 0.03756398636363603 
490 0.11662174545454591 
570 0.15581862272727245 
670 0.25603005000000034 
890 0.5535528590909097 
