2 0.000195636363636418 
5 5.6659090909092693e-05 
10 4.8509090909062714e-05 
15 5.5213636363541074e-05 
17 6.129090909091538e-05 
19 6.304090909094299e-05 
25 7.511818181807602e-05 
35 0.0006572545454543444 
45 0.0007655363636362837 
50 0.0007966772727272329 
65 0.0013684727272726858 
80 0.0016410454545453838 
90 0.0020991454545453854 
100 0.00234442272727278 
140 0.00371421363636363 
180 0.008590586363636365 
240 0.012816504545454606 
320 0.025810777272727226 
490 0.0433144772727272 
570 0.05630290000000009 
670 0.08142840909090922 
890 0.1520736227272728 
