2 0.00027419090909050226 
5 4.779545454489361e-05 
10 4.9954545454841426e-05 
15 7.03727272730906e-05 
17 7.360909090904266e-05 
19 9.119999999998826e-05 
25 0.00013978181818202258 
35 0.0006320090909092287 
45 0.0009506363636364136 
50 0.0011896727272724646 
65 0.001894868181818085 
80 0.0028217318181816982 
90 0.0032916090909086123 
100 0.0042313090909087865 
140 0.007500209090908886 
180 0.014693954545454524 
240 0.02492939090909112 
320 0.04727382727272736 
490 0.12896834999999987 
570 0.19624617272727285 
670 0.3191468818181816 
890 0.8166525727272728 
