2 0.0004659272727268838 
5 4.5645454545076546e-05 
10 4.675454545400758e-05 
15 5.909545454553143e-05 
17 6.677727272713147e-05 
19 7.785454545426099e-05 
25 0.00011272272727264559 
35 0.0007573909090909128 
45 0.0009292363636362373 
50 0.001090168181819052 
65 0.0017605090909090086 
80 0.002815822727272624 
90 0.0033971181818178405 
100 0.003834122727272238 
140 0.007100550000000014 
180 0.012169595454545485 
240 0.02295495454545391 
320 0.04026762272727255 
490 0.11186538636363665 
570 0.1715259227272724 
670 0.24835483636363714 
890 0.5524255318181818 
